#' Advent of Code 2024 solutions
#' @export
aoc_solutions <- list(
  day01a = 1834060,
  day01b = 21607792,
  day02a = 224,
  day02b = 293,
  day03a = 188192787,
  day03b = 113965544,
  day04a = 2532,
  day04b = 1941,
  day05a = 4924,
  day05b = 6085,
  day06a = 4982,
  day06b = 1663,
  day07a = 20665830408335,
  day07b = 354060705047464,
  day08a = NA,
  day08b = NA,
  day09a = NA,
  day09b = NA,
  day10a = NA,
  day10b = NA,
  day11a = NA,
  day11b = NA,
  day12a = NA,
  day12b = NA,
  day13a = NA,
  day13b = NA,
  day14a = NA,
  day14b = NA,
  day15a = NA,
  day15b = NA,
  day16a = NA,
  day16b = NA,
  day17a = NA,
  day17b = NA,
  day18a = NA,
  day18b = NA,
  day19a = NA,
  day19b = NA,
  day20a = NA,
  day20b = NA,
  day21a = NA,
  day21b = NA,
  day22a = NA,
  day22b = NA,
  day23a = NA,
  day23b = NA,
  day24a = NA,
  day24b = NA,
  day25a = NA,
  day25b = NA
)
