#' Advent of Code 2024 solutions
#' @export
aoc_solutions <- list(
  day01a = 1834060,
  day01b = 21607792,
  day02a = 224,
  day02b = 293,
  day03a = 188192787,
  day03b = 113965544,
  day04a = 2532,
  day04b = 1941,
  day05a = 4924,
  day05b = 6085,
  day06a = 4982,
  day06b = 1663,
  day07a = 20665830408335,
  day07b = 354060705047464,
  day08a = 357,
  day08b = 1266,
  day09a = 6291146824486,
  day09b = 6307279963620,
  day10a = 841,
  day10b = 1875,
  day11a = 203228,
  day11b = 240884656550923,
  day12a = 1374934,
  day12b = 841078,
  day13a = 38714,
  day13b = 74015623345775,
  day14a = 211692000,
  day14b = 6587,
  day15a = 1465152,
  day15b = 1511259,
  day16a = 94444,
  day16b = 502,
  day17a = "4,6,1,4,2,1,3,1,6",
  day17b = 202366627359274,
  day18a = 226,
  day18b = "60,46",
  day19a = 283,
  day19b = 615388132411142,
  day20a = 1360,
  day20b = 1005476,
  day21a = NA,
  day21b = NA,
  day22a = NA,
  day22b = NA,
  day23a = NA,
  day23b = NA,
  day24a = NA,
  day24b = NA,
  day25a = NA,
  day25b = NA
)
