#' Advent of Code 2023 solutions
#' @export
aoc_solutions <- list(
  day01a = 55488,
  day01b = 55614,
  day02a = 2085,
  day02b = 79315,
  day03a = 539433,
  day03b = 75847567,
  day04a = 20667,
  day04b = 5833065,
  day05a = 26273516,
  day05b = 34039469,
  day06a = 219849,
  day06b = 29432455,
  day07a = 249483956,
  day07b = 252137472,
  day08a = 18727,
  day08b = 18024643846273,
  day09a = NA,
  day09b = NA,
  day10a = NA,
  day10b = NA,
  day11a = NA,
  day11b = NA,
  day12a = NA,
  day12b = NA,
  day13a = NA,
  day13b = NA,
  day14a = NA,
  day14b = NA,
  day15a = NA,
  day15b = NA,
  day16a = NA,
  day16b = NA,
  day17a = NA,
  day17b = NA,
  day18a = NA,
  day18b = NA,
  day19a = NA,
  day19b = NA,
  day20a = NA,
  day20b = NA,
  day21a = NA,
  day21b = NA,
  day22a = NA,
  day22b = NA,
  day23a = NA,
  day23b = NA,
  day24a = NA,
  day24b = NA,
  day25a = NA,
  day25b = NA
)
