#' Advent of Code 2025 solutions
#' @export
aoc_solutions <- list(
  day01a = 982,
  day01b = 6106,
  day02a = 52316131093,
  day02b = 69564213293,
  day03a = 17100,
  day03b = 170418192256861,
  day04a = 1464,
  day04b = 8409,
  day05a = 674,
  day05b = 352509891817881,
  day06a = 3968933219902,
  day06b = 6019576291014,
  day07a = 1656,
  day07b = 76624086587804,
  day08a = 54180,
  day08b = 25325968,
  day09a = 4760959496,
  day09b = 1343576598,
  day10a = 417,
  day10b = 16765,
  day11a = NA,
  day11b = NA,
  day12a = NA,
  day12b = NA,
  day13a = NA,
  day13b = NA,
  day14a = NA,
  day14b = NA,
  day15a = NA,
  day15b = NA,
  day16a = NA,
  day16b = NA,
  day17a = NA,
  day17b = NA,
  day18a = NA,
  day18b = NA,
  day19a = NA,
  day19b = NA,
  day20a = NA,
  day20b = NA,
  day21a = NA,
  day21b = NA,
  day22a = NA,
  day22b = NA,
  day23a = NA,
  day23b = NA,
  day24a = NA,
  day24b = NA,
  day25a = NA,
  day25b = NA
)
