#' Advent of Code 2025 solutions
#' @export
aoc_solutions <- list(
  day01a = 982,
  day01b = 6106,
  day02a = 52316131093,
  day02b = 69564213293,
  day03a = 17100,
  day03b = 170418192256861,
  day04a = 1464,
  day04b = 8409,
  day05a = 674,
  day05b = 352509891817881,
  day06a = 3968933219902,
  day06b = 6019576291014,
  day07a = 1656,
  day07b = 76624086587804,
  day08a = 54180,
  day08b = 25325968,
  day09a = 4760959496,
  day09b = 1343576598,
  day10a = 417,
  day10b = 16765,
  day11a = 590,
  day11b = 319473830844560,
  day12a = 448,
  day12b = NA
)
