#' Advent of Code 2022 solutions
#' @export
aoc_solutions <- list(
  day01a = 72718,
  day01b = 213089,
  day02a = 15749,
  day02b = 14552,
  day03a = 7997,
  day03b = 2545,
  day04a = 498,
  day04b = 859,
  day05a = "RLFNRTNFB",
  day05b = "MHQTLJRLB",
  day06a = 1876,
  day06b = 2202,
  day07a = 1581595,
  day07b = 1544176,
  day08a = 1713,
  day08b = 268464,
  day09a = 6075,
  day09b = 2514,
  day10a = 14320,
  day10b = "PCPBKAPJ",
  day11a = 58322,
  day11b = 13937702909,
  day12a = 437,
  day12b = 430,
  day13a = 6484,
  day13b = 19305,
  day14a = NA,
  day14b = NA,
  day15a = NA,
  day15b = NA,
  day16a = NA,
  day16b = NA,
  day17a = NA,
  day17b = NA,
  day18a = NA,
  day18b = NA,
  day19a = NA,
  day19b = NA,
  day20a = NA,
  day20b = NA,
  day21a = NA,
  day21b = NA,
  day22a = NA,
  day22b = NA,
  day23a = NA,
  day23b = NA,
  day24a = NA,
  day24b = NA,
  day25a = NA,
  day25b = NA
)
