#' Advent of Code 2022 solutions
#' @export
aoc_solutions <- list(
  day01a = 72718,
  day01b = 213089,
  day02a = 15749,
  day02b = 14552,
  day03a = 7997,
  day03b = 2545,
  day04a = 498,
  day04b = 859,
  day05a = "RLFNRTNFB",
  day05b = "MHQTLJRLB",
  day06a = 1876,
  day06b = 2202,
  day07a = 1581595,
  day07b = 1544176,
  day08a = 1713,
  day08b = 268464,
  day09a = 6075,
  day09b = 2514,
  day10a = 14320,
  day10b = "PCPBKAPJ",
  day11a = 58322,
  day11b = 13937702909,
  day12a = 437,
  day12b = 430,
  day13a = 6484,
  day13b = 19305,
  day14a = 745,
  day14b = 27551,
  day15a = 5112034,
  day15b = 13172087230812,
  day16a = 2114,
  day16b = 2666,
  day17a = 3235,
  day17b = 1591860465110,
  day18a = 3500,
  day18b = 2048,
  day19a = 1266,
  day19b = 5800,
  day20a = 3346,
  day20b = 4265712588168,
  day21a = 142707821472432,
  day21b = 3587647562851,
  day22a = NA,
  day22b = NA,
  day23a = NA,
  day23b = NA,
  day24a = NA,
  day24b = NA,
  day25a = NA,
  day25b = NA
)
